2 0.656510 0.473611 0.063021 0.204630
4 0.493229 0.445370 0.034375 0.125926
4 0.536979 0.439352 0.029167 0.123148
4 0.417708 0.450000 0.020833 0.114815
4 0.440625 0.465741 0.031250 0.157407
4 0.563542 0.436574 0.027083 0.132407
2 0.911979 0.437500 0.038542 0.178704
4 0.484375 0.442130 0.023958 0.125000
4 0.561719 0.428704 0.022396 0.111111
2 0.825000 0.442130 0.035417 0.141667
4 0.401562 0.481019 0.029167 0.160185
4 0.561719 0.406019 0.021354 0.065741
2 0.855469 0.423148 0.024479 0.112963
2 0.800260 0.431481 0.025521 0.103704
2 0.947917 0.417130 0.028125 0.132407
