0 0.659635 0.426852 0.135937 0.072222
4 0.164583 0.518519 0.021875 0.116667
2 0.552083 0.443056 0.058333 0.113889
2 0.336458 0.552778 0.125000 0.338889
4 0.110417 0.510648 0.021875 0.071296
4 0.751563 0.385648 0.018750 0.067593
4 0.136458 0.527315 0.021875 0.104630
2 0.505729 0.449074 0.034375 0.096296
4 0.140625 0.527315 0.025000 0.108333
4 0.194271 0.491204 0.018750 0.073148
2 0.059115 0.706944 0.117188 0.571296
0 0.072396 0.564815 0.118750 0.111111
0 0.290104 0.522222 0.204167 0.166667
4 0.133333 0.526389 0.016667 0.099074
2 0.953125 0.348611 0.032292 0.058333
2 0.442969 0.492130 0.103646 0.173148
2 0.897917 0.362500 0.032292 0.058333
2 0.844271 0.371759 0.032292 0.058333
